0,56.0393	0,61.7978	1
0,56.4185	0,64.0449	3
0,56.9157	0,64.0449	3
0,57.1208	0,64.0449	3
0,57.3371	0,64.0449	3
0,58.0169	0,64.0449	3
0,58.3062	0,64.0449	3
0,58.0815	0,64.0449	3
0,58.5871	0,64.0449	3
0,58.7978	0,64.0449	3
0,58.986	0,64.0449	3
0,59.0899	0,64.6067	3
0,59.3118	0,65.7303	3
0,59.4607	0,65.7303	3
0,59.9466	0,65.7303	3
0,59.8848	0,65.7303	3
0,60.2893	0,65.7303	3
0,60.5309	0,66.8539	7
0,60.7865	0,67.4157	3
0,60.9326	0,67.4157	3
0,61.1573	0,67.4157	3
0,61.5197	0,67.4157	3
0,61.6096	0,69.1011	7
0,61.7331	0,69.1011	7
0,61.9101	0,69.1011	7
0,61.5983	0,69.6629	3
0,61.868	0,69.6629	3
0,62.2865	0,69.6629	3
0,62.6096	0,69.6629	3
0,62.7753	0,69.6629	3
0,62.941	0,69.6629	3
0,63.0787	0,69.6629	3
0,63.2022	0,69.6629	3
0,63.3315	0,69.6629	3
0,63.6601	0,69.6629	3
0,63.6573	0,69.6629	3
0,63.868	0,69.6629	3
0,63.8455	0,69.6629	3
0,63.9438	0,69.6629	3
0,64.118	0,70.2247	3
0,64.1348	0,70.2247	3
0,64.3933	0,70.2247	3
0,64.3118	0,70.2247	3
0,64.4129	0,70.2247	3
0,64.382	0,70.2247	3
0,64.2753	0,70.2247	3
0,64.6348	0,70.2247	3
0,64.3736	0,70.2247	3
0,64.8062	0,70.7865	3
0,64.8511	0,70.7865	3
0,64.8287	0,70.7865	3
0,64.5618	0,70.7865	3
0,64.8287	0,70.7865	3
0,64.9888	0,71.3483	3
0,64.9972	0,71.3483	3
0,65.118	0,71.3483	3
0,65.0421	0,71.3483	3
0,65.177	0,71.3483	3
0,65.4017	0,71.3483	3
0,65.2219	0,73.0337	3
0,65.4551	0,73.0337	3
0,65.1657	0,73.0337	3
0,65.6236	0,73.0337	3
0,65.4522	0,73.0337	3
0,65.7079	0,73.0337	3
0,65.7556	0,73.0337	3
0,66.0562	0,73.5955	3
0,65.9213	0,73.5955	3
0,65.9663	0,73.5955	3
0,66.0618	0,73.5955	3
0,65.9213	0,73.5955	3
0,65.9551	0,73.5955	3
0,66.1854	0,73.5955	3
0,66.1685	0,73.5955	3
0,66.4522	0,73.5955	3
0,66.2303	0,73.5955	3
0,66.323	0,73.5955	3
0,66.6882	0,73.5955	3
0,66.6826	0,73.5955	3
0,66.9438	0,73.5955	3
0,66.5955	0,73.5955	3
0,66.7051	0,73.5955	3
0,66.5758	0,73.5955	3
0,67.0787	0,75.8427	3
0,67.0646	0,75.8427	3
0,67.1629	0,75.8427	3
0,66.9101	0,75.8427	3
0,67.0281	0,75.8427	3
0,67.5365	0,75.8427	3
0,67.1404	0,75.8427	3
0,67.2725	0,75.8427	3
0,67.2865	0,75.8427	3
0,67.4663	0,75.8427	3
0,67.7163	0,75.8427	3
0,67.3034	0,75.8427	3
0,67.3764	0,75.8427	3
0,67.7051	0,75.8427	3
0,67.4663	0,75.8427	3
0,67.6573	0,75.8427	3
0,67.8062	0,75.8427	3
0,67.7275	0,75.8427	3
0,67.7107	0,75.8427	3
0,67.9522	0,75.8427	3
0,67.8006	0,75.8427	3
0,67.882	0,75.8427	3
0,67.6292	0,75.8427	3
0,68.0112	0,75.8427	3
0,67.8118	0,75.8427	3
0,68.014	0,75.8427	3
0,68.1236	0,75.8427	3
0,67.9972	0,75.8427	3
0,67.9972	0,75.8427	3
0,68.2022	0,75.8427	3
0,67.9213	0,75.8427	3
0,67.9298	0,75.8427	3
0,68.2163	0,75.8427	3
0,68.0758	0,75.8427	3
0,68.3961	0,75.8427	3
0,68.3455	0,75.8427	3
0,68.073	0,75.8427	3
0,68.3118	0,75.8427	3
0,67.9691	0,75.8427	3
0,68.2219	0,75.8427	3
0,68.4831	0,75.8427	3
0,68.2865	0,75.8427	3
0,68.2556	0,75.8427	3
0,68.4551	0,75.8427	3
0,68.2837	0,75.8427	3
0,68.323	0,75.8427	3
0,68.0927	0,75.8427	3
0,68.2893	0,75.8427	3
0,68.2837	0,75.8427	3
0,68.4157	0,75.8427	3
0,68.2331	0,75.8427	3
0,68.2669	0,75.8427	3
0,68.4157	0,75.8427	3
0,68.2247	0,75.8427	3
0,68.4972	0,75.8427	3
0,68.1348	0,75.8427	3
0,68.3511	0,75.8427	3
0,68.368	0,75.8427	3
0,68.4213	0,75.8427	3
0,68.5618	0,75.8427	3
0,68.4551	0,75.8427	3
0,68.7135	0,75.8427	3
0,68.3989	0,75.8427	3
0,68.4579	0,75.8427	3
0,68.3258	0,75.8427	3
0,68.573	0,75.8427	3
0,68.6264	0,75.8427	3
0,68.5646	0,75.8427	3
0,68.3567	0,75.8427	3
0,68.382	0,75.8427	3
0,68.5112	0,75.8427	3
0,68.6039	0,75.8427	3
0,68.5955	0,75.8427	3
0,68.6433	0,75.8427	3
0,68.4579	0,75.8427	3
0,68.6601	0,75.8427	3
0,68.4045	0,75.8427	3
0,68.6461	0,75.8427	3
0,68.573	0,75.8427	3
0,68.6067	0,75.8427	3
0,68.5393	0,75.8427	3
0,68.882	0,75.8427	3
0,68.6573	0,75.8427	3
0,68.6236	0,75.8427	3
0,68.5169	0,75.8427	3
0,68.6124	0,75.8427	3
0,68.6882	0,75.8427	3
0,69.0084	0,75.8427	3
0,68.7163	0,75.8427	3
0,68.7388	0,75.8427	3
0,68.5618	0,75.8427	3
0,68.6713	0,75.8427	3
0,68.6124	0,75.8427	3
0,68.7303	0,75.8427	3
0,68.6348	0,75.8427	3
0,69.0983	0,75.8427	3
0,68.5449	0,75.8427	3
0,69.0028	0,75.8427	3
0,68.8371	0,75.8427	3
0,68.5618	0,75.8427	3
0,68.8989	0,75.8427	3
0,68.6376	0,75.8427	3
0,68.9017	0,75.8427	3
0,68.8146	0,75.8427	3
0,68.9944	0,75.8427	3
0,68.7753	0,75.8427	3
0,68.8539	0,75.8427	3
0,68.8006	0,75.8427	3
0,69.0169	0,75.8427	3
0,68.6798	0,75.8427	3
0,69.2669	0,76.4045	3
0,68.7472	0,76.4045	3
0,69.1517	0,76.4045	3
0,68.7725	0,76.4045	3
0,69.0787	0,76.4045	3
0,69.4017	0,76.4045	3
0,69.059	0,76.4045	3
0,69.3708	0,76.4045	3
0,69.0871	0,76.4045	3
0,69.3427	0,76.4045	3
0,69.4466	0,76.4045	3
0,69.4242	0,76.9663	3
0,69.4775	0,76.9663	3
0,69.1713	0,76.9663	3
0,69.5787	0,76.9663	3
0,69.6264	0,76.9663	3
0,69.6489	0,76.9663	3
0,69.4803	0,76.9663	3
0,69.6348	0,76.9663	3
0,69.4242	0,76.9663	3
0,69.5253	0,76.9663	3
0,69.3174	0,76.9663	3
0,69.3792	0,76.9663	3
0,69.4916	0,76.9663	3
0,69.9466	0,76.9663	3
0,69.7921	0,76.9663	3
0,69.7247	0,76.9663	3
0,69.6096	0,76.9663	3
0,69.6742	0,76.9663	3
0,69.7556	0,76.9663	3
0,69.823	0,76.9663	3
0,69.9466	0,76.9663	3
0,69.7556	0,76.9663	3
0,69.9298	0,76.9663	3
0,69.5899	0,76.9663	3
0,69.5815	0,76.9663	3
0,69.7022	0,76.9663	3
0,69.7612	0,76.9663	3
0,69.4775	0,76.9663	3
0,70.073	0,76.9663	3
0,69.8511	0,76.9663	3
0,69.7022	0,76.9663	3
0,69.9522	0,76.9663	3
0,69.9691	0,76.9663	3
0,69.986	0,76.9663	3
0,69.764	0,76.9663	3
0,69.9157	0,76.9663	3
0,69.9382	0,76.9663	3
0,69.8792	0,76.9663	3
0,69.9607	0,76.9663	3
0,69.5674	0,76.9663	3
0,69.9775	0,76.9663	3
0,69.8427	0,76.9663	3
0,70.1292	0,76.9663	3
0,69.9972	0,76.9663	3
0,70.3708	0,76.9663	3
0,69.9888	0,76.9663	3
0,69.9522	0,76.9663	3
0,70.0478	0,77.5281	3
0,70.0562	0,77.5281	3
0,70.264	0,77.5281	3
0,69.8483	0,77.5281	3
0,69.6882	0,77.5281	3
0,69.8483	0,77.5281	3
0,70.1208	0,77.5281	3
0,70.1376	0,77.5281	3
0,69.941	0,77.5281	3
0,70.177	0,77.5281	3
0,69.8876	0,77.5281	3
0,70.2135	0,77.5281	3
0,70.1882	0,77.5281	3
0,70.0253	0,77.5281	3
0,70.0646	0,77.5281	3
0,69.9494	0,77.5281	3
0,70.1629	0,77.5281	3
0,69.9522	0,77.5281	3
0,70.1854	0,77.5281	3
0,70.0618	0,77.5281	3
0,70.0674	0,77.5281	3
0,70.0337	0,77.5281	3
0,70.1601	0,77.5281	3
0,69.882	0,77.5281	3
0,70.2893	0,77.5281	3
0,70.0758	0,77.5281	3
0,69.8961	0,77.5281	3
0,70.1826	0,77.5281	3
0,69.9944	0,77.5281	3
0,70.2669	0,77.5281	3
0,70.0562	0,77.5281	3
0,70.1994	0,77.5281	3
0,70.3202	0,77.5281	3
0,69.9775	0,77.5281	3
0,70.0646	0,77.5281	3
0,70.2893	0,77.5281	3
0,70.2135	0,77.5281	3
0,70.3202	0,77.5281	3
0,70.264	0,77.5281	3
0,70.1713	0,77.5281	3
0,70.132	0,77.5281	3
0,70.0674	0,77.5281	3
0,70.3904	0,77.5281	3
0,70.1433	0,77.5281	3
0,70.3652	0,77.5281	3
0,70.3343	0,77.5281	3
0,70.2893	0,77.5281	3
0,70.3792	0,77.5281	3
0,70.4663	0,77.5281	3
0,70.4916	0,77.5281	3
0,70.2612	0,77.5281	3
0,70.4157	0,77.5281	3
0,70.3006	0,77.5281	3
0,70.1966	0,77.5281	3
0,70.4635	0,77.5281	3
0,70.3174	0,77.5281	3
0,70.3511	0,77.5281	3
0,70.1994	0,77.5281	3
0,70.2331	0,77.5281	3
0,70.3539	0,77.5281	3
0,70.7022	0,77.5281	3
0,70.3961	0,77.5281	3
0,70.4691	0,77.5281	3
0,70.5393	0,77.5281	3
0,70.3118	0,77.5281	3
0,70.5478	0,77.5281	3
0,70.4298	0,77.5281	3
0,70.3933	0,77.5281	3
0,70.5028	0,77.5281	3
0,70.4326	0,77.5281	3
0,70.4916	0,77.5281	3
0,70.6798	0,77.5281	3
0,70.6404	0,77.5281	3
0,70.441	0,77.5281	3
0,70.3483	0,77.5281	3
0,70.4663	0,77.5281	3
0,70.3258	0,77.5281	3
0,70.4298	0,77.5281	3
0,70.1966	0,77.5281	3
0,70.4494	0,77.5281	3
0,70.6011	0,77.5281	3
0,70.4916	0,77.5281	3
0,70.4691	0,77.5281	3
0,70.6039	0,77.5281	3
0,70.6601	0,77.5281	3
0,70.4691	0,77.5281	3
0,70.3174	0,77.5281	3
0,70.4073	0,77.5281	3
0,70.6096	0,77.5281	3
0,70.5084	0,77.5281	3
0,70.3567	0,77.5281	3
0,70.7051	0,77.5281	3
0,70.5534	0,77.5281	3
0,70.3764	0,77.5281	3
0,70.5421	0,77.5281	3
0,70.6404	0,77.5281	3
0,70.5337	0,77.5281	3
0,70.3343	0,77.5281	3
0,70.4438	0,77.5281	3
0,70.3511	0,77.5281	3
0,70.382	0,77.5281	3
0,70.6461	0,77.5281	3
0,70.4831	0,77.5281	3
0,70.5843	0,77.5281	3
0,70.3118	0,77.5281	3
0,70.4607	0,77.5281	3
0,70.6039	0,77.5281	3
0,70.3736	0,77.5281	3
0,70.4944	0,77.5281	3
0,70.382	0,77.5281	3
0,70.309	0,77.5281	3
0,70.7219	0,77.5281	3
0,70.3567	0,77.5281	3
0,70.75	0,77.5281	3
0,70.5843	0,77.5281	3
0,70.7753	0,77.5281	3
0,70.736	0,77.5281	3
0,70.6517	0,77.5281	3
0,70.4803	0,77.5281	3
0,70.5983	0,77.5281	3
0,70.3792	0,77.5281	3
0,70.4663	0,77.5281	3
0,70.4242	0,78.0899	3
0,70.7669	0,78.0899	3
0,70.6798	0,78.0899	3
0,70.9129	0,78.0899	3
0,70.9466	0,78.0899	3
0,70.7978	0,78.0899	3
0,71.1011	0,78.0899	3
0,71.1292	0,78.0899	3
0,71.3062	0,78.0899	3
0,71.1657	0,78.0899	3
0,70.9916	0,78.0899	3
0,71.5927	0,78.0899	3
0,71.3427	0,78.0899	3
0,71.0983	0,78.0899	3
0,71.309	0,78.0899	3
0,71.1573	0,78.0899	3
0,71.3652	0,78.0899	3
0,71.5871	0,78.0899	3
0,71.3062	0,78.0899	3
0,71.3483	0,78.0899	3
0,71.5393	0,78.0899	3
0,71.4213	0,78.0899	3
0,71.486	0,78.0899	3
0,71.4382	0,78.0899	3
0,71.4017	0,78.0899	3
0,71.2079	0,78.0899	3
0,71.4831	0,78.0899	3
0,71.7865	0,78.0899	3
0,71.3989	0,78.0899	3
0,71.6685	0,78.0899	3
0,71.5253	0,78.0899	3
0,71.5562	0,78.0899	3
0,71.6292	0,78.0899	3
0,71.5225	0,78.0899	3
0,71.5365	0,78.0899	3
0,71.2331	0,78.0899	3
0,71.5056	0,78.0899	3
0,71.5534	0,78.0899	3
0,71.5562	0,78.0899	3
0,71.3455	0,78.0899	3
0,71.3652	0,78.0899	3
0,71.2303	0,78.0899	3
0,71.7697	0,78.0899	3
0,71.882	0,78.0899	3
0,71.5562	0,78.0899	3
0,71.5253	0,78.0899	3
0,71.5281	0,78.0899	3
0,71.7107	0,78.0899	3
0,71.9045	0,78.0899	3
0,71.4691	0,78.0899	3
0,71.6573	0,78.0899	3
0,71.6264	0,78.0899	3
0,71.6348	0,78.0899	3
0,71.6994	0,78.0899	3
0,71.6292	0,78.0899	3
0,71.5927	0,78.0899	3
0,71.9831	0,78.0899	3
0,71.5506	0,78.0899	3
0,71.7331	0,78.0899	3
0,71.7556	0,78.0899	3
0,71.5393	0,78.0899	3
0,71.7669	0,78.0899	3
0,71.8511	0,78.0899	3
0,71.4747	0,78.0899	3
0,71.5365	0,78.0899	3
0,71.868	0,78.0899	3
0,71.7949	0,78.6517	3
0,71.5758	0,78.6517	3
0,71.8146	0,78.6517	3
0,71.7135	0,78.6517	3
0,71.6208	0,78.6517	3
0,71.6376	0,78.6517	3
0,71.8287	0,78.6517	3
0,71.4607	0,78.6517	3
0,71.7079	0,78.6517	3
0,71.1742	0,78.6517	3
0,71.9298	0,78.6517	3
0,71.9803	0,78.6517	3
0,71.7079	0,78.6517	3
0,71.6404	0,78.6517	3
0,71.6798	0,78.6517	3
0,71.7388	0,78.6517	3
0,71.7051	0,78.6517	3
0,71.3792	0,78.6517	3
0,71.5534	0,78.6517	3
0,71.5702	0,78.6517	3
0,71.7753	0,78.6517	3
0,71.7388	0,78.6517	3
0,71.7135	0,78.6517	3
0,71.5758	0,78.6517	3
0,71.6601	0,78.6517	3
0,71.1938	0,78.6517	3
0,71.7781	0,78.6517	3
0,71.736	0,78.6517	3
0,71.6545	0,78.6517	3
0,71.7978	0,78.6517	3
0,71.7697	0,78.6517	3
0,71.559	0,78.6517	3
0,71.7247	0,78.6517	3
0,71.6685	0,78.6517	3
0,71.8708	0,78.6517	3
0,71.9747	0,78.6517	3
0,71.9972	0,79.2135	3
0,71.882	0,79.2135	3
0,71.868	0,79.2135	3
0,71.632	0,79.2135	3
0,71.8624	0,79.2135	3
0,71.6208	0,79.2135	3
0,71.823	0,79.2135	3
0,71.5197	0,79.2135	3
0,71.3764	0,79.2135	3
0,71.2079	0,79.2135	3
0,71.1713	0,79.2135	3
0,71.264	0,79.2135	3
0,71.2472	0,79.2135	3
0,71.1966	0,79.2135	3
0,71.4438	0,79.2135	3
0,71.2444	0,79.2135	3
0,71.2837	0,79.2135	3
0,71.3792	0,79.2135	3
0,71.5702	0,79.2135	3
0,71.0365	0,79.2135	3
0,71.3539	0,79.2135	3
0,71.1798	0,79.2135	3
0,71.0843	0,79.2135	3
0,71.3287	0,79.2135	3
0,71.3174	0,79.2135	3
0,71.3483	0,79.2135	3
0,71.3399	0,79.2135	3
0,71.6067	0,79.2135	3
0,71.3961	0,79.2135	3
0,71.236	0,79.2135	3
0,71.1376	0,79.2135	3
0,71.3202	0,79.2135	3
0,71.5843	0,79.2135	3
0,71.3343	0,79.2135	3
0,71.4747	0,79.2135	3
0,71.5815	0,79.2135	3
0,71.3989	0,79.2135	3
0,71.3006	0,79.2135	3
0,71.4691	0,79.2135	3
0,71.427	0,79.2135	3
0,71.4438	0,79.2135	3
0,71.2697	0,79.2135	3
0,71.4213	0,79.2135	3
0,71.3258	0,79.2135	3
0,71.2079	0,79.2135	3
0,71.2781	0,79.2135	3
0,71.3258	0,79.2135	3
0,71.2809	0,79.2135	3
0,71.4298	0,79.2135	3
0,71.3652	0,79.2135	3
0,71.4747	0,79.2135	3
0,71.5927	0,79.2135	3
0,71.5393	0,79.2135	3
0,71.427	0,79.2135	3
0,71.4888	0,79.2135	3
0,71.5084	0,79.2135	3
0,71.6236	0,79.2135	3
0,71.4466	0,79.2135	3
0,71.5	0,79.2135	3
0,71.5393	0,79.2135	3
0,71.264	0,79.2135	3
0,71.4803	0,79.2135	3
0,71.5084	0,79.2135	3
0,71.4607	0,79.2135	3
0,71.573	0,79.2135	3
0,71.4551	0,79.2135	3
0,71.323	0,79.2135	3
0,71.2781	0,79.2135	3
0,71.323	0,79.2135	3
0,71.5646	0,79.2135	3
0,71.6517	0,79.2135	3
0,71.3483	0,79.2135	3
0,71.3455	0,79.2135	3
0,71.6629	0,79.2135	3
0,71.4522	0,79.2135	3
0,71.4101	0,79.2135	3
0,71.7528	0,79.2135	3
0,71.4382	0,79.2135	3
0,71.4185	0,79.2135	3
0,71.573	0,79.2135	3
0,71.5056	0,79.2135	3
0,71.5983	0,79.2135	3
0,71.3427	0,79.2135	3
0,71.4607	0,79.2135	3
0,71.5449	0,79.2135	3
0,71.5618	0,79.2135	3
0,71.7107	0,79.2135	3
0,71.4298	0,79.2135	3
0,71.6489	0,79.2135	3
0,71.4326	0,79.2135	3
0,71.2444	0,79.2135	3
0,71.4438	0,79.2135	3
0,71.3876	0,79.2135	3
0,71.4775	0,79.2135	3
0,71.6433	0,79.2135	3
0,71.4185	0,79.2135	3
0,71.7837	0,79.2135	3
0,71.5309	0,79.2135	3
0,71.6292	0,79.2135	3
0,71.4719	0,79.2135	3
0,71.5787	0,79.2135	3
0,71.4494	0,79.2135	3
0,71.7191	0,79.2135	3
0,71.5225	0,79.2135	3
0,71.5871	0,79.2135	3
0,71.6096	0,79.2135	3
0,71.6208	0,79.2135	3
0,71.7022	0,79.2135	3
0,71.4607	0,79.2135	3
0,71.4157	0,79.2135	3
0,72.0758	0,79.2135	3
0,71.4382	0,79.2135	3
0,71.6208	0,79.2135	3
0,71.7697	0,79.2135	3
0,71.4045	0,79.2135	3
0,71.3258	0,79.2135	3
0,71.6713	0,79.2135	3
0,71.5478	0,79.2135	3
0,71.2949	0,79.2135	3
0,71.5562	0,79.2135	3
0,71.6404	0,79.2135	3
0,71.5478	0,79.2135	3
0,71.4775	0,79.2135	3
0,71.6404	0,79.2135	3
0,71.6208	0,79.2135	3
0,71.6292	0,79.2135	3
0,71.5365	0,79.2135	3
0,71.4382	0,79.2135	3
0,71.7191	0,79.2135	3
0,71.6348	0,79.2135	3
0,71.5955	0,79.2135	3
0,71.6545	0,79.2135	3
0,71.6798	0,79.2135	3
0,71.6713	0,79.2135	3
0,71.7107	0,79.2135	3
0,71.5787	0,79.2135	3
0,72.0028	0,79.2135	3
0,71.7219	0,79.2135	3
0,71.8062	0,79.2135	3
0,71.7135	0,79.2135	3
0,71.6152	0,79.2135	3
0,71.368	0,79.2135	3
0,71.5646	0,79.2135	3
0,71.5112	0,79.2135	3
0,71.7303	0,79.2135	3
