0,56.2303	0,60.6742	7
0,56.5899	0,61.7978	3
0,56.7163	0,61.7978	3
0,57.132	0,64.0449	3
0,57.5028	0,64.0449	3
0,57.7388	0,64.0449	3
0,58.4522	0,64.0449	3
0,58.5787	0,64.0449	3
0,58.8933	0,64.0449	3
0,59.2135	0,64.0449	3
0,59.1461	0,64.6067	3
0,59.2865	0,64.6067	3
0,59.2781	0,64.6067	3
0,59.7444	0,64.6067	3
0,59.7669	0,66.8539	3
0,59.8596	0,66.8539	3
0,60.323	0,66.8539	3
0,60.3511	0,66.8539	3
0,60.764	0,67.4157	3
0,60.7725	0,67.4157	3
0,60.8624	0,67.4157	3
0,60.9888	0,67.4157	3
0,61.1685	0,67.4157	3
0,61.2978	0,68.5393	7
0,61.691	0,70.2247	3
0,61.7556	0,70.2247	3
0,62.2893	0,70.2247	3
0,62.4607	0,70.2247	3
0,62.9944	0,71.3483	3
0,62.9831	0,71.3483	3
0,63.0702	0,71.3483	3
0,63.6882	0,71.3483	3
0,63.4972	0,71.3483	3
0,63.6433	0,71.3483	3
0,63.632	0,71.3483	3
0,63.9466	0,71.3483	3
0,64.1657	0,71.3483	3
0,64.3006	0,71.3483	3
0,64.3427	0,71.3483	3
0,64.2135	0,71.9101	3
0,64.5815	0,71.9101	3
0,64.6994	0,71.9101	3
0,64.8624	0,71.9101	3
0,65.0084	0,71.9101	3
0,65.1208	0,73.0337	3
0,65.3961	0,73.0337	3
0,65.4663	0,73.5955	3
0,65.486	0,73.5955	3
0,65.7416	0,73.5955	3
0,65.7051	0,73.5955	3
0,66.1011	0,73.5955	3
0,66.4213	0,73.5955	3
0,66.4831	0,73.5955	3
0,66.7416	0,73.5955	3
0,66.9045	0,73.5955	3
0,66.736	0,73.5955	3
0,66.7865	0,73.5955	3
0,66.6348	0,73.5955	3
0,66.8539	0,74.1573	3
0,67.2809	0,74.1573	3
0,67.2809	0,74.1573	3
0,67.1994	0,74.1573	3
0,67.25	0,74.1573	3
0,67.3933	0,74.1573	3
0,67.5253	0,74.1573	3
0,67.5253	0,74.1573	3
0,67.8961	0,74.1573	3
0,67.6096	0,74.1573	3
0,67.9213	0,74.1573	3
0,67.7978	0,74.1573	3
0,67.8427	0,74.7191	3
0,67.809	0,74.7191	3
0,68.1096	0,74.7191	3
0,68.0871	0,74.7191	3
0,68.2865	0,75.2809	3
0,68.0843	0,75.2809	3
0,68.5365	0,75.2809	3
0,68.2275	0,75.2809	3
0,68.4775	0,75.2809	3
0,68.3174	0,75.2809	3
0,68.3455	0,75.2809	3
0,68.0899	0,75.2809	3
0,68.0393	0,75.2809	3
0,68.2388	0,75.2809	3
0,68.2669	0,75.2809	3
0,68.4242	0,75.2809	3
0,68.0927	0,75.2809	3
0,68.441	0,75.2809	3
0,68.3371	0,75.2809	3
0,68.4157	0,75.2809	3
0,68.4326	0,75.2809	3
0,68.0478	0,75.2809	3
0,68.3876	0,75.2809	3
0,68.4157	0,75.2809	3
0,68.5478	0,75.2809	3
0,68.3876	0,75.8427	3
0,68.4242	0,75.8427	3
0,68.5197	0,75.8427	3
0,68.9719	0,75.8427	3
0,68.8399	0,75.8427	3
0,68.8876	0,75.8427	3
0,68.8736	0,75.8427	3
0,68.8708	0,75.8427	3
0,68.8202	0,75.8427	3
0,68.9635	0,75.8427	3
0,68.7921	0,75.8427	3
0,69.059	0,75.8427	3
0,68.7837	0,75.8427	3
0,69.0197	0,75.8427	3
0,68.8511	0,75.8427	3
0,69.0253	0,75.8427	3
0,68.9607	0,75.8427	3
0,68.8764	0,75.8427	3
0,68.8989	0,75.8427	3
0,68.941	0,75.8427	3
0,69.2247	0,75.8427	3
0,69.1854	0,75.8427	3
0,69.2051	0,75.8427	3
0,69.1545	0,75.8427	3
0,68.9157	0,75.8427	3
0,69.3567	0,76.4045	3
0,69.3764	0,76.4045	3
0,69.1798	0,76.4045	3
0,69.4438	0,76.4045	3
0,69.6601	0,76.4045	3
0,69.632	0,76.4045	3
0,69.6601	0,76.4045	3
0,69.5309	0,76.4045	3
0,69.5815	0,76.4045	3
0,69.5056	0,76.4045	3
0,69.8343	0,76.4045	3
0,69.5646	0,76.4045	3
0,69.8427	0,76.4045	3
0,69.4831	0,76.4045	3
0,69.6348	0,76.4045	3
0,69.986	0,76.4045	3
0,69.8764	0,76.4045	3
0,69.7893	0,78.0899	3
0,69.8174	0,78.0899	3
0,69.9129	0,78.0899	3
0,69.9551	0,78.0899	3
0,69.7725	0,78.0899	3
0,69.9831	0,78.0899	3
0,69.9129	0,78.0899	3
0,70.014	0,78.0899	3
0,69.9017	0,78.0899	3
0,70.0365	0,78.0899	3
0,69.9522	0,78.0899	3
0,70.1573	0,78.0899	3
0,70.1713	0,78.0899	3
0,70.1067	0,78.0899	3
0,70.3455	0,78.0899	3
0,70.0365	0,78.0899	3
0,70.2275	0,78.0899	3
0,70.1994	0,78.0899	3
0,70.6067	0,78.0899	3
0,70.3511	0,78.0899	3
0,70.3202	0,78.0899	3
0,70.5365	0,78.0899	3
0,70.3006	0,78.0899	3
0,70.7697	0,78.0899	3
0,70.1629	0,78.0899	3
0,70.8539	0,78.0899	3
0,70.4354	0,78.0899	3
0,70.7444	0,78.0899	3
0,70.1938	0,78.0899	3
0,70.323	0,78.0899	3
0,70.3596	0,78.0899	3
0,70.7107	0,78.0899	3
0,70.736	0,78.0899	3
0,70.6011	0,78.0899	3
0,70.6629	0,78.0899	3
0,70.5449	0,78.0899	3
0,70.6882	0,78.0899	3
0,70.927	0,78.0899	3
0,70.632	0,78.0899	3
0,70.6404	0,78.0899	3
0,70.7528	0,78.0899	3
0,70.6236	0,78.0899	3
0,70.8399	0,78.0899	3
0,70.368	0,78.0899	3
0,70.6208	0,78.6517	3
0,70.6404	0,78.6517	3
0,70.9522	0,78.6517	3
0,70.7725	0,78.6517	3
0,70.6264	0,78.6517	3
0,70.7051	0,78.6517	3
0,70.6096	0,78.6517	3
0,70.5843	0,78.6517	3
0,70.8736	0,78.6517	3
0,70.8876	0,78.6517	3
0,70.9157	0,78.6517	3
0,70.6039	0,78.6517	3
0,70.9607	0,78.6517	3
0,70.8848	0,78.6517	3
0,70.677	0,78.6517	3
0,70.8624	0,78.6517	3
0,70.8202	0,78.6517	3
0,70.6938	0,78.6517	3
0,70.927	0,78.6517	3
3359.44
