0,56.1348	0,61.236	3
0,50.5326	0,74.7191	35
0,49.4876	0,74.7191	35
0,50.1843	0,74.7191	35
0,49.427	0,74.7191	35
0,50.0382	0,74.7191	35
0,50.2944	0,74.7191	35
0,50.4	0,76.4045	67
0,49.6067	0,76.4045	67
0,50.4337	0,76.4045	67
0,50.5933	0,76.4045	67
0,50.0135	0,76.4045	67
0,49.7551	0,76.4045	67
0,49.7708	0,76.4045	67
0,49.8674	0,76.4045	67
0,49.8719	0,76.4045	67
0,50.2809	0,76.4045	67
0,50.3124	0,76.4045	67
0,49.4966	0,76.4045	67
0,50.1528	0,76.4045	67
0,49.7326	0,76.4045	67
0,49.7483	0,76.4045	67
0,50.1461	0,76.4045	67
0,50.2787	0,76.4045	67
0,50.0202	0,76.4045	67
0,49.8921	0,76.4045	67
0,50.1393	0,76.4045	67
0,49.7326	0,76.4045	67
0,49.6607	0,76.4045	67
0,50.2921	0,76.4045	67
0,50.1483	0,76.4045	67
0,49.4652	0,76.4045	67
0,49.9955	0,76.4045	67
0,49.8472	0,76.4045	67
0,49.3618	0,76.4045	67
0,50.0607	0,76.4045	67
0,49.4	0,76.4045	67
0,49.5393	0,76.4045	67
0,49.418	0,76.4045	67
0,48.9888	0,76.4045	67
0,49.0112	0,76.4045	67
0,49.0674	0,76.4045	67
0,49.2292	0,76.4045	67
0,49.6876	0,76.4045	67
0,48.9888	0,76.4045	67
0,49.0652	0,76.4045	67
0,49.8517	0,76.4045	67
0,48.5955	0,76.4045	67
0,48.1933	0,76.4045	67
0,49.2157	0,76.4045	67
0,48.1213	0,76.4045	67
0,49.4787	0,76.4045	67
0,49.3101	0,76.4045	67
0,49.182	0,76.4045	67
0,49.0809	0,76.4045	67
0,48.618	0,76.4045	67
0,49.036	0,76.4045	67
0,49.0787	0,76.4045	67
0,48.8742	0,76.4045	67
0,48.1236	0,76.4045	67
0,49.3461	0,76.4045	67
0,49.227	0,76.4045	67
0,48.8787	0,76.4045	67
0,49.4157	0,76.4045	67
0,49.0899	0,76.4045	67
0,49.3169	0,76.4045	67
0,49.436	0,76.4045	67
0,49.9213	0,76.4045	67
0,48.6337	0,76.4045	67
0,49.0045	0,76.4045	67
0,48.6562	0,76.4045	67
0,48.7393	0,76.4045	67
0,49.3865	0,76.4045	67
0,49.0067	0,76.4045	67
0,48.382	0,76.4045	67
0,48.8742	0,76.4045	67
0,49.0876	0,76.4045	67
0,48.9775	0,76.4045	67
0,48.9236	0,76.4045	67
0,48.8382	0,76.4045	67
0,48.5326	0,76.4045	67
0,48.5506	0,76.4045	67
0,49.0944	0,76.4045	67
0,49.8202	0,76.4045	67
0,49.191	0,76.4045	67
0,48.4831	0,76.4045	67
0,48.8944	0,76.4045	67
0,48.4472	0,76.4045	67
0,49.4225	0,76.4045	67
0,48.5236	0,76.4045	67
0,48.5685	0,76.4045	67
0,49.2787	0,76.4045	67
0,48.8674	0,76.4045	67
0,49.0517	0,76.4045	67
0,49.2584	0,76.4045	67
0,49.0944	0,76.4045	67
0,49.2517	0,76.4045	67
0,49.2247	0,76.4045	67
0,49.2854	0,76.4045	67
0,48.9843	0,76.4045	67
0,49.1685	0,76.4045	67
0,48.9056	0,76.4045	67
0,49.0157	0,76.4045	67
0,49.4697	0,76.4045	67
0,49.5955	0,76.4045	67
0,48.609	0,76.4045	67
0,48.5573	0,76.4045	67
0,48.7483	0,76.4045	67
0,48.6876	0,76.4045	67
0,48.7753	0,76.4045	67
0,49.0787	0,76.4045	67
0,48.8674	0,76.4045	67
0,48.6674	0,76.4045	67
0,48.9843	0,76.4045	67
0,49.0652	0,76.4045	67
0,48.7416	0,76.4045	67
0,48.9034	0,76.4045	67
0,48.5079	0,76.4045	67
0,48.7393	0,76.4045	67
0,48.7955	0,76.4045	67
0,48.782	0,76.4045	67
0,49.2742	0,76.4045	67
0,49.2854	0,76.4045	67
0,49.1169	0,76.4045	67
0,48.7528	0,76.4045	67
0,48.8674	0,76.4045	67
0,48.4404	0,76.4045	67
0,48.5955	0,76.4045	67
0,48.8315	0,76.4045	67
0,49.364	0,76.4045	67
0,49.182	0,76.4045	67
0,48.7011	0,76.4045	67
0,49.1775	0,76.4045	67
0,48.6562	0,76.4045	67
0,49.2202	0,76.4045	67
0,48.7101	0,76.4045	67
0,48.3191	0,76.4045	67
0,49.5371	0,76.4045	67
0,48.4944	0,76.4045	67
0,49.0135	0,76.4045	67
0,49.3034	0,76.4045	67
0,48.3483	0,76.4045	67
0,48.9506	0,76.4045	67
0,48.9775	0,76.4045	67
0,48.8225	0,76.4045	67
0,49.4899	0,76.4045	67
0,48.5461	0,76.4045	67
0,48.8067	0,76.4045	67
0,48.8	0,76.4045	67
0,48.6135	0,76.4045	67
0,48.4876	0,76.4045	67
0,49.5079	0,76.4045	67
0,48.4292	0,76.4045	67
0,48.5753	0,76.4045	67
0,49.1461	0,76.4045	67
0,49.1393	0,76.4045	67
0,49.2921	0,76.4045	67
0,48.7236	0,76.4045	67
0,49.427	0,76.4045	67
0,48.2989	0,76.4045	67
0,49.2899	0,76.4045	67
0,48.8944	0,76.4045	67
0,49.1034	0,76.4045	67
0,48.7775	0,76.4045	67
0,48.8562	0,76.4045	67
0,49.3416	0,76.4045	67
0,48.436	0,76.4045	67
0,48.7213	0,76.4045	67
0,48.173	0,76.4045	67
0,48.7843	0,76.4045	67
0,48.7865	0,76.4045	67
0,48.6854	0,76.4045	67
0,48.7798	0,76.4045	67
0,49.4764	0,76.4045	67
0,48.9326	0,76.4045	67
0,49.1843	0,76.4045	67
0,48.7124	0,76.4045	67
0,48.7438	0,76.4045	67
0,48.6202	0,76.4045	67
0,48.173	0,76.4045	67
0,48.4584	0,76.4045	67
0,49.2067	0,76.4045	67
0,48.4404	0,76.4045	67
0,48.0764	0,76.4045	67
0,49.9146	0,76.4045	67
0,49.0629	0,76.4045	67
0,48.9348	0,76.4045	67
0,48.7551	0,76.4045	67
0,48.3079	0,76.4045	67
0,48.8539	0,76.4045	67
0,48.7213	0,76.4045	67
0,48.6674	0,76.4045	67
0,48.9079	0,76.4045	67
0,48.0742	0,76.4045	67
0,48.5618	0,76.4045	67
0,48.7506	0,76.4045	67
0,49.2854	0,76.4045	67
0,49.4809	0,76.4045	67
0,48.7573	0,76.4045	67
0,49.2247	0,76.4045	67
2044.76
