0,56.1102	0,61.236	3
0,50.2354	0,66.8539	42
0,49.3205	0,70.2247	20
0,49.7057	0,70.2247	20
0,49.9251	0,71.3483	11
0,50.2087	0,71.3483	11
0,50.733	0,71.3483	11
0,48.6731	0,71.3483	11
0,50.1926	0,71.3483	11
0,51.8192	0,71.3483	11
0,49.6255	0,71.3483	11
0,49.7753	0,71.3483	11
0,50.9952	0,72.4719	18
0,50.3745	0,74.7191	18
0,50.9577	0,74.7191	18
0,50.5457	0,74.7191	18
0,49.9358	0,74.7191	18
0,51.1825	0,74.7191	18
0,50.2354	0,74.7191	18
0,50.0535	0,74.7191	18
0,49.1546	0,74.7191	18
0,49.7806	0,74.7191	18
0,50.5618	0,74.7191	18
0,49.5238	0,74.7191	18
0,50.1605	0,74.7191	18
0,49.1921	0,74.7191	18
0,50	0,74.7191	18
0,49.9893	0,74.7191	18
0,50.4815	0,74.7191	18
0,49.4114	0,74.7191	18
0,50.733	0,74.7191	18
0,50.5725	0,74.7191	18
0,49.0476	0,74.7191	18
0,51.8566	0,74.7191	18
0,50.428	0,74.7191	18
0,49.6683	0,74.7191	18
0,49.374	0,74.7191	18
0,49.5934	0,74.7191	18
0,50.4869	0,74.7191	18
0,50.1284	0,74.7191	18
0,50.7063	0,78.6517	52
0,50.6742	0,78.6517	52
0,49.1653	0,78.6517	52
0,49.5131	0,78.6517	52
0,50.9791	0,78.6517	52
0,49.8716	0,78.6517	52
0,49.1118	0,78.6517	52
0,51.1557	0,78.6517	52
0,50.0321	0,78.6517	52
0,49.7057	0,78.6517	52
0,49.7325	0,78.6517	52
0,49.7378	0,78.6517	52
0,51.054	0,78.6517	52
0,49.1225	0,78.6517	52
0,49.9786	0,78.6517	52
0,49.7913	0,78.6517	52
0,49.9946	0,78.6517	52
0,49.7699	0,78.6517	52
0,50.412	0,78.6517	52
0,49.6469	0,78.6517	52
0,49.6683	0,78.6517	52
0,49.7378	0,78.6517	52
0,49.9358	0,78.6517	52
0,50.0856	0,78.6517	52
0,49.9893	0,78.6517	52
0,49.8502	0,78.6517	52
0,49.5078	0,78.6517	52
0,49.176	0,78.6517	52
0,49.1921	0,78.6517	52
0,49.4489	0,78.6517	52
0,49.6148	0,78.6517	52
0,50.6581	0,78.6517	52
0,50.0642	0,78.6517	52
0,50.0963	0,78.6517	52
0,49.7378	0,78.6517	52
0,50.8668	0,78.6517	52
0,49.4489	0,78.6517	52
0,49.572	0,78.6517	52
0,49.3205	0,78.6517	52
0,50.1873	0,78.6517	52
0,49.2777	0,78.6517	52
0,50.1284	0,78.6517	52
0,48.7105	0,78.6517	52
0,49.5078	0,78.6517	52
0,49.9304	0,78.6517	52
0,49.6629	0,78.6517	52
0,50.1498	0,78.6517	52
0,50.4922	0,78.6517	52
0,49.2616	0,78.6517	52
0,50.107	0,78.6517	52
0,48.9674	0,78.6517	52
0,49.3151	0,78.6517	52
0,49.1707	0,78.6517	52
0,50.2943	0,78.6517	52
0,50.3692	0,78.6517	52
0,49.909	0,78.6517	52
0,49.9465	0,78.6517	52
0,48.7533	0,78.6517	52
0,49.9679	0,78.6517	52
0,49.8876	0,78.6517	52
0,49.588	0,78.6517	52
0,48.657	0,78.6517	52
0,49.481	0,78.6517	52
0,49.5078	0,78.6517	52
0,49.8823	0,78.6517	52
0,49.9732	0,78.6517	52
0,49.2402	0,78.6517	52
0,49.8181	0,78.6517	52
0,48.8871	0,78.6517	52
0,49.2349	0,78.6517	52
0,49.4114	0,78.6517	52
0,49.3954	0,78.6517	52
0,50.6688	0,78.6517	52
0,49.8555	0,78.6517	52
0,49.9251	0,78.6517	52
0,49.2991	0,78.6517	52
0,50.0268	0,78.6517	52
0,49.2456	0,78.6517	52
0,49.5934	0,78.6517	52
0,50.3585	0,78.6517	52
0,49.6522	0,78.6517	52
0,48.8175	0,78.6517	52
0,49.5185	0,78.6517	52
0,49.6308	0,78.6517	52
0,49.7432	0,78.6517	52
0,48.8657	0,78.6517	52
0,49.5773	0,78.6517	52
0,49.4917	0,78.6517	52
0,49.4222	0,78.6517	52
0,49.1011	0,78.6517	52
0,49.9839	0,78.6517	52
0,50.0482	0,78.6517	52
0,49.6255	0,78.6517	52
0,50.2943	0,78.6517	52
0,48.6463	0,78.6517	52
0,50.2675	0,78.6517	52
0,49.8662	0,78.6517	52
0,49.2295	0,78.6517	52
0,49.9572	0,78.6517	52
0,49.6415	0,78.6517	52
0,49.1707	0,78.6517	52
0,49.7271	0,78.6517	52
0,48.9032	0,78.6517	52
0,49.572	0,78.6517	52
0,49.7699	0,78.6517	52
0,49.6148	0,78.6517	52
0,48.8336	0,78.6517	52
0,49.6041	0,78.6517	52
0,49.0744	0,78.6517	52
0,49.909	0,78.6517	52
0,50.1605	0,78.6517	52
0,49.4007	0,78.6517	52
0,49.5827	0,78.6517	52
0,49.0797	0,78.6517	52
0,50.0375	0,78.6517	52
0,49.6094	0,78.6517	52
0,48.4163	0,78.6517	52
0,49.374	0,78.6517	52
0,49.39	0,78.6517	52
0,49.6629	0,78.6517	52
0,49.0583	0,78.6517	52
0,48.6356	0,78.6517	52
0,49.2723	0,78.6517	52
0,48.8283	0,78.6517	52
0,49.9893	0,78.6517	52
0,49.2777	0,78.6517	52
0,47.9026	0,78.6517	52
0,48.8657	0,78.6517	52
0,49.5452	0,78.6517	52
0,48.6784	0,78.6517	52
0,48.9192	0,78.6517	52
0,49.6041	0,78.6517	52
0,49.2028	0,78.6517	52
0,49.0797	0,78.6517	52
0,49.8181	0,78.6517	52
0,48.9513	0,78.6517	52
0,49.3686	0,78.6517	52
0,49.4168	0,78.6517	52
0,48.4698	0,78.6517	52
0,49.3205	0,78.6517	52
0,49.1118	0,78.6517	52
0,48.641	0,78.6517	52
0,49.4757	0,78.6517	52
0,49.2349	0,78.6517	52
0,49.5238	0,78.6517	52
0,48.7908	0,78.6517	52
0,49.0102	0,78.6517	52
0,48.1487	0,78.6517	52
0,48.9834	0,78.6517	52
0,48.6677	0,78.6517	52
0,49.786	0,78.6517	52
0,48.5554	0,78.6517	52
0,49.8181	0,78.6517	52
0,49.679	0,78.6517	52
0,49.0904	0,78.6517	52
0,48.8229	0,78.6517	52
0,49.4596	0,78.6517	52
0,50.0589	0,78.6517	52
0,49.0316	0,78.6517	52
0,49.6041	0,78.6517	52
0,49.2563	0,78.6517	52
0,48.1113	0,78.6517	52
0,49.4114	0,78.6517	52
0,49.3793	0,78.6517	52
0,49.1386	0,78.6517	52
0,49.3044	0,78.6517	52
0,49.6201	0,78.6517	52
0,48.6142	0,78.6517	52
0,49.2349	0,78.6517	52
0,49.4757	0,78.6517	52
0,50.2622	0,78.6517	52
0,49.3954	0,78.6517	52
0,49.5452	0,78.6517	52
0,49.4061	0,78.6517	52
0,49.9197	0,78.6517	52
0,50.0161	0,78.6517	52
0,49.8288	0,78.6517	52
0,49.4168	0,78.6517	52
0,49.0316	0,78.6517	52
0,49.1279	0,78.6517	52
0,48.2718	0,78.6517	52
0,49.8983	0,78.6517	52
0,49.6897	0,78.6517	52
0,49.3312	0,78.6517	52
0,49.0102	0,78.6517	52
0,49.1011	0,78.6517	52
0,48.3253	0,78.6517	52
0,49.6148	0,78.6517	52
0,50.5404	0,78.6517	52
0,49.3419	0,78.6517	52
0,48.7319	0,78.6517	52
0,47.9882	0,78.6517	52
0,48.8175	0,78.6517	52
0,50.1177	0,78.6517	52
0,48.5607	0,78.6517	52
0,48.6303	0,78.6517	52
0,49.679	0,78.6517	52
0,49.9144	0,78.6517	52
0,49.2135	0,78.6517	52
0,49.4489	0,78.6517	52
0,49.6683	0,78.6517	52
0,49.9037	0,78.6517	52
0,49.6201	0,78.6517	52
0,49.2135	0,78.6517	52
0,49.8288	0,78.6517	52
0,47.9508	0,78.6517	52
0,49.7539	0,78.6517	52
0,48.8604	0,78.6517	52
0,49.7218	0,78.6517	52
0,48.3253	0,78.6517	52
0,49.9893	0,78.6517	52
0,49.3633	0,78.6517	52
0,48.8978	0,78.6517	52
0,48.855	0,78.6517	52
0,48.138	0,78.6517	52
0,48.7373	0,78.6517	52
0,48.9834	0,78.6517	52
0,47.694	0,78.6517	52
0,48.962	0,78.6517	52
0,49.8341	0,78.6517	52
0,49.1493	0,78.6517	52
0,49.9251	0,78.6517	52
0,49.0744	0,78.6517	52
0,48.4698	0,78.6517	52
0,48.5072	0,78.6517	52
0,49.4703	0,78.6517	52
0,48.9139	0,78.6517	52
0,49.4275	0,78.6517	52
0,49.0583	0,78.6517	52
0,49.9786	0,78.6517	52
0,49.4275	0,78.6517	52
0,49.6308	0,78.6517	52
0,48.8604	0,78.6517	52
0,48.9032	0,78.6517	52
0,49.1439	0,78.6517	52
0,50.3745	0,78.6517	52
0,48.6677	0,78.6517	52
0,49.1974	0,78.6517	52
0,49.0262	0,78.6517	52
0,48.4323	0,78.6517	52
0,50.0214	0,78.6517	52
0,47.6726	0,78.6517	52
0,50.1338	0,78.6517	52
0,48.0685	0,78.6517	52
0,49.4275	0,78.6517	52
0,48.4216	0,78.6517	52
0,49.7913	0,78.6517	52
0,48.6356	0,78.6517	52
0,50.1445	0,78.6517	52
0,49.0048	0,78.6517	52
0,49.5345	0,78.6517	52
0,48.8871	0,78.6517	52
0,49.9465	0,78.6517	52
0,49.8555	0,78.6517	52
0,49.5185	0,78.6517	52
0,49.0048	0,78.6517	52
0,48.6517	0,78.6517	52
0,47.2445	0,78.6517	52
0,49.1118	0,78.6517	52
0,48.6731	0,78.6517	52
0,48.8871	0,78.6517	52
0,48.6303	0,78.6517	52
0,49.4757	0,78.6517	52
0,49.8502	0,78.6517	52
0,49.9786	0,78.6517	52
0,48.0203	0,78.6517	52
0,48.4109	0,78.6517	52
0,48.7212	0,78.6517	52
0,48.6998	0,78.6517	52
0,48.748	0,78.6517	52
0,48.2129	0,78.6517	52
0,48.764	0,78.6517	52
0,48.6089	0,78.6517	52
0,48.5714	0,78.6517	52
0,49.0797	0,78.6517	52
0,50.4066	0,78.6517	52
0,48.5019	0,78.6517	52
0,48.5019	0,78.6517	52
0,49.7967	0,78.6517	52
0,48.5179	0,78.6517	52
0,48.7426	0,78.6517	52
0,49.0476	0,78.6517	52
0,48.1969	0,78.6517	52
0,49.0476	0,78.6517	52
0,49.0583	0,78.6517	52
0,49.2081	0,78.6517	52
0,49.2616	0,78.6517	52
0,49.2616	0,78.6517	52
0,48.4698	0,78.6517	52
0,48.8711	0,78.6517	52
0,48.7426	0,78.6517	52
0,49.1279	0,78.6517	52
0,49.0316	0,78.6517	52
0,48.7159	0,78.6517	52
0,49.6469	0,78.6517	52
0,48.8443	0,78.6517	52
0,49.8127	0,78.6517	52
0,48.3735	0,78.6517	52
0,48.9995	0,78.6517	52
0,48.5982	0,78.6517	52
0,49.4596	0,78.6517	52
0,50.091	0,78.6517	52
0,48.6196	0,78.6517	52
0,47.8117	0,78.6517	52
0,50.1712	0,78.6517	52
0,48.657	0,78.6517	52
0,48.1594	0,78.6517	52
0,49.2456	0,78.6517	52
0,49.6629	0,78.6517	52
0,49.4275	0,78.6517	52
0,48.8175	0,78.6517	52
0,49.2242	0,78.6517	52
0,49.1332	0,78.6517	52
0,48.5982	0,78.6517	52
0,49.1814	0,78.6517	52
0,49.679	0,78.6517	52
0,48.7747	0,78.6517	52
0,49.1386	0,78.6517	52
0,49.7753	0,78.6517	52
0,49.8769	0,78.6517	52
0,49.0637	0,78.6517	52
0,48.3681	0,78.6517	52
0,50.1391	0,78.6517	52
0,48.6677	0,78.6517	52
0,48.5928	0,78.6517	52
0,49.069	0,78.6517	52
0,49.6629	0,78.6517	52
0,48.6249	0,78.6517	52
0,49.5666	0,78.6517	52
0,48.657	0,78.6517	52
0,49.6148	0,78.6517	52
0,48.0524	0,78.6517	52
0,48.855	0,78.6517	52
0,49.9786	0,78.6517	52
0,48.4644	0,78.6517	52
0,48.3146	0,78.6517	52
0,49.0262	0,78.6517	52
0,50.0161	0,78.6517	52
0,49.1653	0,78.6517	52
0,48.4644	0,78.6517	52
0,49.6201	0,78.6517	52
0,48.4858	0,78.6517	52
0,47.3408	0,78.6517	52
0,48.6303	0,78.6517	52
0,48.7801	0,78.6517	52
0,48.6196	0,78.6517	52
0,49.1118	0,78.6517	52
0,48.2183	0,78.6517	52
0,48.7052	0,78.6517	52
0,49.0102	0,78.6517	52
0,49.7592	0,78.6517	52
0,48.6463	0,78.6517	52
0,48.5393	0,78.6517	52
0,49.7485	0,78.6517	52
0,49.2242	0,78.6517	52
0,48.3895	0,78.6517	52
0,48.4858	0,78.6517	52
0,48.3307	0,78.6517	52
0,48.7801	0,78.6517	52
0,48.5126	0,78.6517	52
0,48.8443	0,78.6517	52
0,48.4858	0,78.6517	52
0,49.7378	0,78.6517	52
0,49.0262	0,78.6517	52
0,49.0316	0,78.6517	52
0,50.6742	0,78.6517	52
0,48.7908	0,78.6517	52
0,49.0048	0,78.6517	52
0,48.6356	0,78.6517	52
0,49.9839	0,78.6517	52
0,48.6838	0,78.6517	52
0,48.3735	0,78.6517	52
0,48.9567	0,78.6517	52
0,48.4109	0,78.6517	52
0,49.1386	0,78.6517	52
0,48.7854	0,78.6517	52
0,48.6142	0,78.6517	52
0,49.6843	0,78.6517	52
0,50.1552	0,78.6517	52
0,48.2825	0,78.6517	52
0,49.1332	0,78.6517	52
0,49.1546	0,78.6517	52
0,48.6142	0,78.6517	52
0,49.481	0,78.6517	52
0,48.7694	0,78.6517	52
0,48.7052	0,78.6517	52
0,48.2772	0,78.6517	52
0,50.1391	0,78.6517	52
0,48.9353	0,78.6517	52
0,47.8652	0,78.6517	52
0,48.5982	0,78.6517	52
0,48.9032	0,78.6517	52
0,49.4757	0,78.6517	52
0,47.9508	0,78.6517	52
0,48.3039	0,78.6517	52
0,49.5559	0,78.6517	52
0,48.6998	0,78.6517	52
0,48.9834	0,78.6517	52
0,48.138	0,78.6517	52
0,48.5821	0,78.6517	52
0,48.4109	0,78.6517	52
0,49.7218	0,78.6517	52
0,48.9406	0,78.6517	52
0,47.9401	0,78.6517	52
0,49.5987	0,78.6517	52
0,48.4323	0,78.6517	52
0,49.8074	0,78.6517	52
0,49.679	0,78.6517	52
0,47.8063	0,78.6517	52
0,50.0214	0,78.6517	52
0,48.427	0,78.6517	52
0,48.7961	0,78.6517	52
0,50.0482	0,78.6517	52
0,48.2932	0,78.6517	52
0,48.5019	0,78.6517	52
0,50.2301	0,78.6517	52
0,48.9567	0,78.6517	52
0,49.3205	0,78.6517	52
0,49.4329	0,78.6517	52
0,49.0958	0,78.6517	52
0,49.2295	0,78.6517	52
0,48.8764	0,78.6517	52
0,49.0476	0,78.6517	52
0,48.7747	0,78.6517	52
0,47.6672	0,78.6517	52
0,48.9139	0,78.6517	52
0,49.1386	0,78.6517	52
0,48.7587	0,78.6517	52
0,50.3585	0,78.6517	52
0,47.6565	0,78.6517	52
0,49.3579	0,78.6517	52
0,48.7105	0,78.6517	52
0,48.6196	0,78.6517	52
0,49.0637	0,78.6517	52
0,48.5072	0,78.6517	52
0,48.946	0,78.6517	52
0,48.8925	0,78.6517	52
0,49.5131	0,78.6517	52
0,49.572	0,78.6517	52
0,47.7261	0,78.6517	52
0,47.9401	0,78.6517	52
0,48.7908	0,78.6517	52
0,48.7694	0,78.6517	52
0,49.7004	0,78.6517	52
0,49.9037	0,78.6517	52
0,49.283	0,78.6517	52
0,49.6843	0,78.6517	52
0,48.5661	0,78.6517	52
0,49.7485	0,78.6517	52
0,49.16	0,78.6517	52
0,48.0417	0,78.6517	52
0,49.4329	0,78.6517	52
0,49.9786	0,78.6517	52
0,49.1493	0,78.6517	52
0,48.2986	0,78.6517	52
0,48.0899	0,78.6517	52
0,48.9246	0,78.6517	52
0,50.0428	0,78.6517	52
0,48.2665	0,78.6517	52
0,47.512	0,78.6517	52
0,48.7426	0,78.6517	52
0,48.6463	0,78.6517	52
0,48.8229	0,78.6517	52
0,49.0476	0,78.6517	52
0,48.5286	0,78.6517	52
0,49.1974	0,78.6517	52
0,49.7753	0,78.6517	52
0,49.3205	0,78.6517	52
0,48.4805	0,78.6517	52
0,49.1974	0,78.6517	52
0,48.4591	0,78.6517	52
0,49.4489	0,78.6517	52
0,48.3093	0,78.6517	52
0,49.9893	0,78.6517	52
0,48.4002	0,78.6517	52
0,49.5613	0,78.6517	52
0,49.7432	0,78.6517	52
0,48.2343	0,78.6517	52
0,48.2451	0,78.6517	52
0,49.5131	0,78.6517	52
0,50.2836	0,78.6517	52
0,49.0369	0,78.6517	52
0,49.9572	0,78.6517	52
0,49.3365	0,78.6517	52
0,48.5768	0,78.6517	52
0,49.4596	0,78.6517	52
0,48.6035	0,78.6517	52
0,49.7057	0,78.6517	52
0,48.6784	0,78.6517	52
0,48.0631	0,78.6517	52
0,48.7266	0,78.6517	52
0,49.1172	0,78.6517	52
0,49.4757	0,78.6517	52
0,48.0417	0,78.6517	52
0,48.7587	0,78.6517	52
0,48.1915	0,78.6517	52
0,48.5928	0,78.6517	52
0,48.3253	0,78.6517	52
0,48.748	0,78.6517	52
0,49.2349	0,78.6517	52
0,47.8491	0,78.6517	52
0,48.4591	0,78.6517	52
0,48.0364	0,78.6517	52
0,48.8604	0,78.6517	52
0,49.5987	0,78.6517	52
0,47.6993	0,78.6517	52
0,49.1814	0,78.6517	52
0,49.7111	0,78.6517	52
0,49.481	0,78.6517	52
0,48.4965	0,78.6517	52
0,49.283	0,78.6517	52
0,47.4906	0,78.6517	52
0,48.7747	0,78.6517	52
0,49.5345	0,78.6517	52
0,48.8229	0,78.6517	52
0,47.6886	0,78.6517	52
0,48.4216	0,78.6517	52
0,48.8283	0,78.6517	52
0,49.588	0,78.6517	52
0,49.572	0,78.6517	52
0,48.9513	0,78.6517	52
0,48.8604	0,78.6517	52
0,49.3098	0,78.6517	52
0,47.6779	0,78.6517	52
0,48.7373	0,78.6517	52
0,48.7801	0,78.6517	52
0,49.5827	0,78.6517	52
0,48.9353	0,78.6517	52
0,47.8117	0,78.6517	52
0,48.5607	0,78.6517	52
0,49.8823	0,78.6517	52
0,47.7849	0,78.6517	52
0,48.5393	0,78.6517	52
0,47.9882	0,78.6517	52
0,49.9572	0,78.6517	52
0,49.2777	0,78.6517	52
0,48.6463	0,78.6517	52
0,49.3098	0,78.6517	52
0,48.6517	0,78.6517	52
0,49.1867	0,78.6517	52
0,48.6196	0,78.6517	52
0,48.4163	0,78.6517	52
0,48.7373	0,78.6517	52
0,47.6565	0,78.6517	52
0,47.6458	0,78.6517	52
0,48.7801	0,78.6517	52
0,49.6736	0,78.6517	52
0,49.0637	0,78.6517	52
0,48.5233	0,78.6517	52
0,48.8764	0,78.6517	52
0,48.6463	0,78.6517	52
0,49.8716	0,78.6517	52
0,47.7314	0,78.6517	52
0,48.1487	0,78.6517	52
0,49.4222	0,78.6517	52
0,48.2558	0,78.6517	52
0,48.7105	0,78.6517	52
0,48.5607	0,78.6517	52
0,48.4965	0,78.6517	52
0,49.0262	0,78.6517	52
0,48.0096	0,78.6517	52
0,49.2295	0,78.6517	52
0,49.1386	0,78.6517	52
0,49.0637	0,78.6517	52
0,47.6083	0,78.6517	52
0,49.0744	0,78.6517	52
