119.637
108.489
112.808
108.263
112.622
112.511
112.953
108.559
109.569
108.352
114.327
109.192
108.094
108.254
108.533
113.181
109.554
108.633
108.527
108.833
113.698
108.937
109.755
108.169
110.144
112.928
108.667
108.508
109.893
108.434
111.622
108.944
108.426
108.721
109.059
111.273
108.133
108.625
111.679
108.073
108.498
109.614
108.112
112.567
108.151
109.802
108.349
109.037
113.494
108.741
108.607
108.343
109.633
112.698
109.836
108.455
112.874
109.108
112.589
108.223
108.191
108.439
108.286
114.308
107.74
108.422
108.345
108.96
109.873
108.143
109.165
109.649
108.074
109.021
108.222
109.246
110.826
108.049
108.856
108.438
115.423
113.067
108.432
108.618
110.089
108.773
111.105
107.983
109.93
109.239
108.325
110.94
109.076
109.437
111.8
109.108
109.235
108.754
108.277
113.903
109.32
109.153
108.268
107.926
112.668
108.177
109.587
109.182
108.986
110.935
108.539
108.762
108.325
108.452
110.127
110.188
108.673
111.973
110.182
110.4
108.403
108.367
112.735
114.303
110.529
109.89
108.767
111.341
110.635
117.497
112.951
108.512
108.602
110.99
108.904
113.617
108.616
108.37
109.522
108.558
112.742
108.349
108.281
108.448
108.946
113.446
109.204
110.652
107.993
109
109.945
109.929
109.888
110.655
108.784
109.276
109.194
108.902
111.636
113.598
108.367
108.248
109.087
113.323
108.435
108.254
108.536
108.671
115.461
110.232
108.553
107.958
108.038
111.876
109.998
110.685
108.596
108.343
